1.000000000000000021e-02 7.318438298868442174e-03 8.645731955105203075e-04
2.999999999999999889e-02 6.211186990763444861e-03 2.207173846588879882e-04
5.000000000000000278e-02 6.368226491144486461e-03 1.547453405136227204e-04
6.999999999999999278e-02 6.668367359464927140e-03 2.114917715903545821e-04
8.999999999999999667e-02 6.368405797968183443e-03 1.179238467298901981e-04
1.100000000000000006e-01 6.906519032642459768e-03 1.334590799670090590e-04
1.300000000000000044e-01 6.914491019514874999e-03 1.199852940330502243e-04
1.500000000000000222e-01 6.656454176622274115e-03 1.108202134235169095e-04
1.700000000000000122e-01 6.430612300164230757e-03 8.672625024984067545e-05
1.900000000000000022e-01 6.258977262829280679e-03 1.122272562626418116e-04
2.100000000000000200e-01 6.466021035678862390e-03 8.525359483092830645e-05
2.300000000000000100e-01 6.537475020935695942e-03 8.688996750229484702e-05
2.500000000000000000e-01 5.869249918057550981e-03 8.082474456887710473e-05
2.700000000000000178e-01 4.820670155818892501e-03 5.593969036381726123e-05
2.900000000000000355e-01 3.779456036367076499e-03 3.111204648977013252e-05
3.099999999999999978e-01 2.871769034990760434e-03 2.485396043782258919e-05
3.300000000000000155e-01 2.055735567204627825e-03 2.027729540766515272e-05
3.500000000000000333e-01 1.500197250822849458e-03 1.211615334216583092e-05
3.699999999999999956e-01 1.064690229199102053e-03 8.931022040438633502e-06
3.900000000000000133e-01 7.165084726562254971e-04 7.305640419973717062e-06
4.100000000000000311e-01 4.550548180074924553e-04 4.413658056996302261e-06
4.299999999999999933e-01 2.702558402203624225e-04 2.205766868468889705e-06
4.500000000000000111e-01 1.525629544294203918e-04 1.480425788883445831e-06
4.700000000000000289e-01 7.685245372674237769e-05 8.052125304299034869e-07
4.899999999999999911e-01 3.491888827186711257e-05 3.652867746818176436e-07
5.100000000000000089e-01 1.547209335990413462e-05 1.545698800057043452e-07
5.300000000000000266e-01 6.304133826068710478e-06 1.038702772988434299e-07
5.500000000000000444e-01 2.391964781194986314e-06 4.874991079025427826e-08
5.700000000000000622e-01 9.153083248488591141e-07 3.215376774022534816e-08
