1.000000000000000021e-02 5.431584888880609460e-03 4.251334405497215509e-04
2.999999999999999889e-02 6.276464072326041685e-03 2.526491319096748874e-04
5.000000000000000278e-02 6.313529391890915568e-03 1.715482087810716596e-04
6.999999999999999278e-02 6.392531759987800030e-03 1.721741257815904741e-04
8.999999999999999667e-02 6.662673066831856054e-03 1.136122063758910358e-04
1.100000000000000006e-01 6.891752934815741430e-03 1.219892208008158504e-04
1.300000000000000044e-01 6.831076719785489186e-03 1.615952971604168249e-04
1.500000000000000222e-01 6.653824013056220191e-03 7.532967104040722440e-05
1.700000000000000122e-01 6.637018891765369619e-03 1.153532313906256322e-04
1.900000000000000022e-01 6.401653963903214395e-03 7.464951393268610437e-05
2.100000000000000200e-01 6.711251041910826047e-03 6.236537899833621737e-05
2.300000000000000100e-01 6.828300866658724641e-03 5.578054577403203823e-05
2.500000000000000000e-01 6.194154121212961002e-03 6.618214472907487289e-05
2.700000000000000178e-01 5.072323155199178271e-03 5.416596792883257832e-05
2.900000000000000355e-01 3.882431127421356876e-03 3.140853828337377459e-05
3.099999999999999978e-01 2.989939046626424561e-03 2.520177677025306725e-05
3.300000000000000155e-01 2.222156441368629016e-03 1.486651741323199496e-05
3.500000000000000333e-01 1.614519056652188606e-03 1.370534105202061269e-05
3.699999999999999956e-01 1.151545491454676563e-03 1.093067880291588507e-05
3.900000000000000133e-01 7.725039037877679459e-04 7.339583783991108315e-06
4.100000000000000311e-01 4.909771998646619015e-04 3.241037344144555824e-06
4.299999999999999933e-01 2.955069857230799963e-04 2.637213171263868078e-06
4.500000000000000111e-01 1.643108698407032134e-04 1.505460267979630659e-06
4.700000000000000289e-01 8.436052186746831902e-05 9.076979504285741968e-07
4.899999999999999911e-01 3.950033821887567428e-05 4.078248747537183518e-07
5.100000000000000089e-01 1.786345317829464584e-05 1.686468783457631856e-07
5.300000000000000266e-01 7.644898985960544980e-06 9.179796057703967298e-08
5.500000000000000444e-01 3.039465302744297165e-06 4.843877817774338869e-08
5.700000000000000622e-01 1.208092987862030509e-06 3.864798791626370508e-08
