1.000000000000000021e-02 4.214156738222841515e-03 1.927548537548055612e-03
2.999999999999999889e-02 1.085249493062293881e-02 2.796772266088811461e-03
5.000000000000000278e-02 5.377330230067053560e-03 8.524759961551372188e-04
6.999999999999999278e-02 6.948329081644527561e-03 8.826646331458629048e-04
8.999999999999999667e-02 6.823063439762364416e-03 8.860509921034825801e-04
1.100000000000000006e-01 5.888245539125891784e-03 7.196929451815139685e-04
1.300000000000000044e-01 9.407407276213896816e-03 1.230289794709929670e-03
1.500000000000000222e-01 6.189336871791699737e-03 5.938849636866570933e-04
1.700000000000000122e-01 6.049761598405183766e-03 7.089859379804146688e-04
1.900000000000000022e-01 6.824827281988970692e-03 6.533775270562851333e-04
2.100000000000000200e-01 6.088112257999357679e-03 5.529156140975063135e-04
2.300000000000000100e-01 6.425726940579612120e-03 7.329983814121843926e-04
2.500000000000000000e-01 7.321711956188544854e-03 6.892800110398423401e-04
2.700000000000000178e-01 6.174830018500727935e-03 5.042941984553919515e-04
2.900000000000000355e-01 4.372559967778040686e-03 4.526072245708053637e-04
3.099999999999999978e-01 2.902902132675023918e-03 2.013794240142081416e-04
3.300000000000000155e-01 2.604752934126603869e-03 2.343895038467078129e-04
3.500000000000000333e-01 1.651632311950349983e-03 1.270946442053915457e-04
3.699999999999999956e-01 1.240659082096145713e-03 1.067447269220372734e-04
3.900000000000000133e-01 9.135859880836508847e-04 6.434748677788007477e-05
4.100000000000000311e-01 6.787069521416450989e-04 6.015315740255932779e-05
4.299999999999999933e-01 5.143842962983925056e-04 5.440173675653000072e-05
4.500000000000000111e-01 2.809055014810736485e-04 2.256490124988393597e-05
4.700000000000000289e-01 1.891092492276677680e-04 1.692998091885312240e-05
4.899999999999999911e-01 1.240245525992678620e-04 1.048296649147160925e-05
5.100000000000000089e-01 7.589291843621233434e-05 9.627063428364300839e-06
5.300000000000000266e-01 4.737998087114598541e-05 6.534109502058506044e-06
5.500000000000000444e-01 2.783803768335856992e-05 3.781417066291955091e-06
5.700000000000000622e-01 2.117484855342377943e-05 3.466446109313017467e-06
