6.808401384803377913e-03 3.162055111460967055e+03 1.132808924807209223e+02
2.178688477290311246e-02 1.794600129240738170e+03 4.454384450914424320e+01
3.976106558999387142e-02 1.140544559836715052e+03 2.083665489734325504e+01
6.133008347214812667e-02 8.229491610627389946e+02 1.047879711063018426e+01
8.721290601270771659e-02 6.339525291434366636e+02 7.144244509677037058e+00
1.182722943597486198e-01 4.898479273658326179e+02 4.256913428771699870e+00
1.555435619342410425e-01 3.918011402724444565e+02 3.076985439203788975e+00
2.002690848932840995e-01 3.150229615653852875e+02 2.102740564577865179e+00
2.539397146877183653e-01 2.544932059572920764e+02 2.177075884691545227e+00
3.183444731333386901e-01 2.051849847239848543e+02 2.007502579045964186e+00
3.956301864988422956e-01 1.703434624020856631e+02 1.807892892705442733e+00
4.883730464143579142e-01 1.437085009526011277e+02 1.901683715333669866e+00
5.996644829652704178e-01 1.213009676489490118e+02 1.698757408041625006e+00
7.332142124091181046e-01 1.018097986671618145e+02 1.673209330391530525e+00
8.934738944410388628e-01 8.458958669323097013e+01 1.494517431074648295e+00
1.085785520918507885e+00 7.144517295287236891e+01 1.387204534143245960e+00
1.316559482338468534e+00 5.974273369797912636e+01 1.168414298403833484e+00
1.593488247618819909e+00 5.041701320610273740e+01 1.024298821616720589e+00
1.925802779846919055e+00 4.298582626668251550e+01 9.000387395434581439e-01
2.324580235190652377e+00 3.725888508256096543e+01 7.030329285694472130e-01
2.803113201607150273e+00 3.259144300920869597e+01 6.138531989266408084e-01
3.377352785311769967e+00 2.909467076877635350e+01 5.936466069013299762e-01
4.066440314563102731e+00 2.584957553461040902e+01 5.477509012507967290e-01
4.893345384231649220e+00 2.289371695252573602e+01 5.250762361152528923e-01
5.885631509314243281e+00 2.018636726546190019e+01 5.018027368459083704e-01
7.076374909189768303e+00 1.734977571647403494e+01 4.535140303610575852e-01
8.505267048772086724e+00 1.501338570550248797e+01 4.036295651495004910e-01
1.021993768794890300e+01 1.277114540410201649e+01 3.706684167825447518e-01
1.227754254097472852e+01 1.066332386735790294e+01 3.680483512704341709e-01
1.474666846782209362e+01 8.853721449428425316e+00 3.247862040611307899e-01
1.770961970389859985e+01 7.275602525418392474e+00 3.043519710797801814e-01
2.126516133582200041e+01 5.827695440836395235e+00 3.008435582186499424e-01
2.553181147248799832e+01 4.479317454480437277e+00 3.268632395098466925e-01
3.065179185051670885e+01 3.397747275867250671e+00 3.516787885392329005e-01
3.679576856098660187e+01 2.484716669121061372e+00 3.437477198282476998e-01
4.416854092175301361e+01 1.763968774064929690e+00 3.164411944934771292e-01
5.301586812451574815e+01 1.148702863432297328e+00 2.936843924365973302e-01
6.363266121164270572e+01 8.004201708587146413e-01 2.614615844045041770e-01
7.637281344876907951e+01 5.249503090478118139e-01 2.399065278604506357e-01
9.166099677240961796e+01 3.690328221387710883e-01 1.969846135273767007e-01
