6.808401384803377913e-03 4.125543108107590342e+03 1.408002665362222956e+02
2.178688477290311246e-02 1.966553314024206429e+03 4.210317696837275037e+01
3.976106558999387142e-02 1.243779855058328849e+03 1.446635184636210170e+01
6.133008347214812667e-02 8.891046113337474708e+02 7.920497844889649031e+00
8.721290601270771659e-02 6.544345550865049290e+02 6.853825276346629636e+00
1.182722943597486198e-01 4.968018252051408581e+02 5.711371646368454513e+00
1.555435619342410425e-01 3.941396632735895764e+02 5.444114954071275214e+00
2.002690848932840995e-01 3.217760719136878151e+02 4.598501121543166370e+00
2.539397146877183653e-01 2.618243146929357295e+02 4.684581422122730210e+00
3.183444731333386901e-01 2.158427412152529143e+02 3.636777844732573151e+00
3.956301864988422956e-01 1.774301014086689747e+02 3.856515143424912306e+00
4.883730464143579142e-01 1.464744489958768554e+02 3.173558011726482775e+00
5.996644829652704178e-01 1.218081978296227703e+02 3.134596104023668950e+00
7.332142124091181046e-01 1.008051688853242354e+02 2.842976103822234979e+00
8.934738944410388628e-01 8.276957027570317393e+01 2.467851733764327538e+00
1.085785520918507885e+00 6.870206334898978184e+01 2.151347039365470781e+00
1.316559482338468534e+00 5.725327233784898340e+01 1.810482980205747827e+00
1.593488247618819909e+00 4.815218457193829238e+01 1.426516089572642532e+00
1.925802779846919055e+00 4.111334100146984838e+01 1.146048922565373385e+00
2.324580235190652377e+00 3.574156577880013685e+01 8.753175585481010046e-01
2.803113201607150273e+00 3.131076763867192625e+01 7.059875502122100466e-01
3.377352785311769967e+00 2.755082937462115567e+01 6.261356026753757131e-01
4.066440314563102731e+00 2.434934298539230468e+01 5.644576667650913482e-01
4.893345384231649220e+00 2.142920540249198069e+01 5.651944008333560365e-01
5.885631509314243281e+00 1.865832714674849058e+01 5.438026224523919705e-01
7.076374909189768303e+00 1.597833585680655233e+01 4.820927661828939836e-01
8.505267048772086724e+00 1.362917653020005204e+01 4.521818965677384394e-01
1.021993768794890300e+01 1.142753182340396556e+01 4.238055356546672203e-01
1.227754254097472852e+01 9.535119915702930271e+00 3.948152674223338043e-01
1.474666846782209362e+01 7.787421085761314643e+00 3.685947695958553538e-01
1.770961970389859985e+01 6.354343827088127838e+00 3.626732903236594141e-01
2.126516133582200041e+01 5.017480599912853556e+00 3.277437534799020891e-01
2.553181147248799832e+01 3.927985060511533177e+00 2.856190754823206834e-01
3.065179185051670885e+01 2.844020152014197222e+00 2.649897054142679176e-01
3.679576856098660187e+01 1.904190026999584617e+00 2.480837030330420301e-01
4.416854092175301361e+01 1.129612685363961866e+00 2.458018348295090139e-01
5.301586812451574815e+01 6.693222508322902442e-01 2.215774052016169782e-01
6.363266121164270572e+01 4.221447133405566987e-01 2.155656544471257485e-01
7.637281344876907951e+01 2.890457462378375197e-01 2.110324309651415986e-01
9.166099677240961796e+01 9.216220661184415519e-02 1.929545715716116938e-01
