1.233899633810999971e-02 3.337580365950000214e+03 5.399793951100999720e+02
1.811116978827000124e-02 1.751954372551000006e+03 1.785262428389999911e+02
2.658356175100000038e-02 1.311302077957999927e+03 1.176558120643999956e+02
3.901933246890999796e-02 8.729627821610999945e+02 6.005345773039999813e+01
5.727254762095999874e-02 7.154997232519999670e+02 3.380032480828000274e+01
8.406460345289999692e-02 5.099440215491999879e+02 2.044445455873000128e+01
1.233899633811000041e-01 3.868616993643000228e+02 1.848189033454999830e+01
1.811116978827000124e-01 2.963045495672000129e+02 1.434280009739000050e+01
2.658356175100000107e-01 2.199615351424000096e+02 1.052257187030000019e+01
3.901933246891000073e-01 1.597277376401999902e+02 9.072236635954000761e+00
5.727254762096000151e-01 1.145760962582999980e+02 8.442993233945999876e+00
8.406460345289999969e-01 8.650721023430000400e+01 8.058505850288000261e+00
1.233899633810999985e+00 6.405808681076000255e+01 6.424324701197999588e+00
1.811116978827000068e+00 5.002266565400999809e+01 4.739430423404000337e+00
2.658356175100000218e+00 3.767853183420999841e+01 3.025775347151999917e+00
3.901933246891000184e+00 2.912910485196000110e+01 2.213090576369999951e+00
5.727254762095999929e+00 2.174628064898999824e+01 1.645204466955999978e+00
8.406460345290000191e+00 1.538709345110000015e+01 1.244204375600000079e+00
1.233899633811000029e+01 1.051183728278000018e+01 1.008339602743000052e+00
1.811116978827000068e+01 6.265743659774000385e+00 9.701590250174999541e-01
2.658356175100000129e+01 4.882271724647000433e+00 1.117062350514000046e+00
3.901933246891000096e+01 4.463887661799000206e+00 1.043610303074000045e+00
5.727254762095999752e+01 1.937687740889000088e+00 1.104043752104999943e+00
8.406460345290000191e+01 -2.738966208417000114e+00 1.242160187937999982e+00
