1.000000000000000000e+00
1.000000000000000000e+00
1.000000000000000000e+00
1.000000000000000000e+00
1.000000000000000000e+00
1.000000000000000000e+00
1.000000000000000000e+00
1.000000000000000000e+00
1.000000000000000000e+00
1.000000000000000000e+00
1.000000000000000000e+00
1.000000000000000000e+00
1.000000000000000000e+00
1.000000000000000000e+00
1.000000000000000000e+00
1.000000000000000000e+00
1.000000000000000000e+00
1.000000000000000000e+00
1.000000000000000000e+00
1.000000000000000000e+00
1.000000000000000000e+00
1.000000000000000000e+00
1.000000000000000000e+00
1.000000000000000000e+00
1.000000000000000000e+00
1.000000000000000000e+00
1.000000000000000000e+00
1.000000000000000000e+00
1.000000000000000000e+00
1.000000000000000000e+00
1.000000000000000000e+00
1.000000000000000000e+00
1.000000000000000000e+00
1.000000000000000000e+00
1.000000000000000000e+00
1.000000000000000000e+00
1.000000000000000000e+00
1.000000000000000000e+00
1.000000000000000000e+00
1.000000000000000000e+00
1.000000000000000000e+00
1.000000000000000000e+00
1.000000000000000000e+00
1.000000000000000000e+00
1.000000000000000000e+00
1.000000000000000000e+00
1.000000000000000000e+00
1.000000000000000000e+00
1.000000000000000000e+00
1.000000000000000000e+00
1.000000000000000000e+00
1.000000000000000000e+00
1.000000000000000000e+00
1.000000000000000000e+00
1.000000000000000000e+00
1.000000000000000000e+00
1.000000000000000000e+00
1.000000000000000000e+00
9.968366017584815442e-01
9.904954623600042973e-01
9.849811211800226785e-01
9.793538299888407961e-01
9.729441981748803148e-01
9.651142734106541443e-01
9.559092434319079734e-01
9.452396474572850593e-01
9.331346466317770316e-01
9.196390092847869235e-01
9.047230998478087427e-01
8.883217187544975024e-01
8.703690905093138808e-01
8.507204369050793691e-01
8.291246511202032821e-01
8.051466021518438598e-01
7.779606743702726090e-01
7.457235847629123393e-01
7.049844936206505208e-01
6.650143920721905966e-01
7.487689114494087139e-01
1.020612098305254234e+00
7.529389166871545136e-01
2.212208571048711603e-01
-2.257636557223403617e+00
1.141170769671780327e+00
